1
2
3
8
2
12
4
12
5
2
6
2
1
4
4
5
2
2
8
10
7
2
2
9
14
12
2
5
7
2
8
6
2
2
4
1
4
2
8
7
2
9
12
5
2
6
2
1
4
4
4
4
6
4
6
4
4
4
4
4
4
4
5
5
8
4
6
4
4
4
4
4
5
7
5
6
6
6
5
4
4
4
5
7
4
7
5
8
5
5
6
4
6
5
5
8
5
7
4
6
8
4
6
4
8
5
6
7
5
6
7
4
8
4
6
4
7
6
6
6
7
4
7
5
6
4
6
5
6
5
7
5
8
5
5
4
4
4
6
4
8
4
8
4
6
4
4
4
4
4
6
4
8
4
6
4
4
4
4
4
4
4
6
4
6
4
4
4
4
