0.000000000000000000e+00
0.000000000000000000e+00
0.000000000000000000e+00
0.000000000000000000e+00
0.000000000000000000e+00
0.000000000000000000e+00
0.000000000000000000e+00
0.000000000000000000e+00
0.000000000000000000e+00
0.000000000000000000e+00
0.000000000000000000e+00
0.000000000000000000e+00
0.000000000000000000e+00
0.000000000000000000e+00
0.000000000000000000e+00
0.000000000000000000e+00
0.000000000000000000e+00
0.000000000000000000e+00
0.000000000000000000e+00
0.000000000000000000e+00
0.000000000000000000e+00
0.000000000000000000e+00
0.000000000000000000e+00
0.000000000000000000e+00
0.000000000000000000e+00
0.000000000000000000e+00
0.000000000000000000e+00
0.000000000000000000e+00
0.000000000000000000e+00
0.000000000000000000e+00
0.000000000000000000e+00
0.000000000000000000e+00
0.000000000000000000e+00
0.000000000000000000e+00
0.000000000000000000e+00
0.000000000000000000e+00
0.000000000000000000e+00
0.000000000000000000e+00
0.000000000000000000e+00
0.000000000000000000e+00
0.000000000000000000e+00
0.000000000000000000e+00
0.000000000000000000e+00
0.000000000000000000e+00
0.000000000000000000e+00
0.000000000000000000e+00
0.000000000000000000e+00
0.000000000000000000e+00
5.547897483496256471e-03
7.743719406692823985e-03
4.282741361192683900e-03
2.433388533461050812e-03
4.161754990067260095e-03
2.036297680699423324e-03
4.161754990067257493e-03
2.433388533461052113e-03
5.880235908816653159e-03
4.021711196476381901e-03
9.088141722967214842e-03
6.478835934823284383e-03
4.866932464132452119e-03
6.648077031361474681e-03
7.519334489854831959e-03
3.441824720646084919e-03
6.593599796360555959e-03
3.441824720646082317e-03
7.519334489854838030e-03
4.350979152570756854e-03
9.621155081270062887e-03
4.021711196476393177e-03
3.493819212187142427e-03
8.627717247022560418e-03
5.303240724645145836e-03
5.743377016533945251e-03
6.247626827506278825e-03
3.470270622737879618e-03
6.247626827506275356e-03
5.743377016533949588e-03
6.466552891525124101e-03
6.330619368231843458e-03
4.627604924097886326e-03
4.745320553124892163e-03
3.791561402543561568e-03
6.836480517237626675e-03
5.289973814194361135e-03
4.210421923461308072e-03
6.453847227240567912e-03
5.028924129900442554e-03
3.577296538710129231e-03
7.730655586282724964e-03
3.791561402543561568e-03
4.745320553124899102e-03
2.129206438502249943e-03
6.823593278986248359e-03
5.314175615543282119e-03
3.316246854416207181e-03
6.156448568576843722e-03
3.699870664724518119e-03
3.839824651744051451e-03
6.646050733245126643e-03
4.461097420524047681e-03
5.189957592296269573e-03
3.102453955122204659e-03
3.982792713939318878e-03
4.212540845954297793e-03
4.356483045711578156e-03
6.453847227240568779e-03
3.699870664724518119e-03
3.606224322590344516e-03
5.970003429515020540e-03
4.064709569499040491e-03
4.315386171685707366e-03
6.593599796360554224e-03
2.262121933603095623e-03
2.129206438502249076e-03
4.995966997978146425e-03
7.141801896551377114e-03
4.134749060855340795e-03
3.839824651744051451e-03
5.970003429515021408e-03
3.886315803786335663e-03
4.088257908813059185e-03
7.141801896551374512e-03
3.441824720646082750e-03
3.683348715834320556e-03
4.745320553124893898e-03
5.778839972292347353e-03
4.849201947488847829e-03
4.471471607755230990e-03
6.646050733245126643e-03
4.064709569499040491e-03
4.088257908813059185e-03
7.162677949234788968e-03
3.870672881493530428e-03
7.519334489854837163e-03
2.685970554790334097e-03
3.493819212187138958e-03
7.581852535308173692e-03
5.303240724645144968e-03
7.730655586282724964e-03
4.461097420524047681e-03
4.315386171685707366e-03
7.141801896551372777e-03
3.870672881493530428e-03
7.327634502354842157e-03
6.648077031361468610e-03
4.282741361192689972e-03
6.478835934823277444e-03
4.866932464132451251e-03
8.627717247022560418e-03
4.598280416159348030e-03
5.130661842396765961e-03
5.846176532644273109e-03
3.441824720646082750e-03
7.519334489854837163e-03
6.648077031361467742e-03
6.190271490568608100e-03
5.619205744100362436e-03
5.547897483496257338e-03
7.280010570979595155e-03
3.812674692959224561e-03
3.619746058737037010e-03
2.935925452118040742e-03
3.009545197319378040e-03
3.909172968737988085e-03
3.004826035562411027e-03
4.427594716133850111e-03
5.155496908387125800e-03
9.088141722967218311e-03
