0.000000000000000000e+00
0.000000000000000000e+00
0.000000000000000000e+00
0.000000000000000000e+00
0.000000000000000000e+00
0.000000000000000000e+00
0.000000000000000000e+00
0.000000000000000000e+00
0.000000000000000000e+00
0.000000000000000000e+00
0.000000000000000000e+00
0.000000000000000000e+00
0.000000000000000000e+00
0.000000000000000000e+00
0.000000000000000000e+00
0.000000000000000000e+00
0.000000000000000000e+00
0.000000000000000000e+00
0.000000000000000000e+00
0.000000000000000000e+00
0.000000000000000000e+00
0.000000000000000000e+00
0.000000000000000000e+00
0.000000000000000000e+00
0.000000000000000000e+00
0.000000000000000000e+00
0.000000000000000000e+00
0.000000000000000000e+00
0.000000000000000000e+00
0.000000000000000000e+00
0.000000000000000000e+00
0.000000000000000000e+00
0.000000000000000000e+00
0.000000000000000000e+00
0.000000000000000000e+00
0.000000000000000000e+00
0.000000000000000000e+00
0.000000000000000000e+00
0.000000000000000000e+00
0.000000000000000000e+00
0.000000000000000000e+00
0.000000000000000000e+00
0.000000000000000000e+00
0.000000000000000000e+00
0.000000000000000000e+00
0.000000000000000000e+00
0.000000000000000000e+00
0.000000000000000000e+00
-1.294095225512603420e-01
-1.705406887010543771e-01
-1.894686909815059550e-01
-1.992665459333555489e-01
-2.041241452319314253e-01
-2.056046467595681604e-01
-2.041241452319314531e-01
-1.992665459333555766e-01
-1.894686909815059550e-01
-1.705406887010544603e-01
-1.294095225512604252e-01
-1.705406887010543771e-01
-2.499999999999999167e-01
-2.928932188134524273e-01
-3.169872981077805907e-01
-3.294593112989455119e-01
-3.333333333333332593e-01
-3.294593112989455119e-01
-3.169872981077805907e-01
-2.928932188134524273e-01
-2.500000000000000000e-01
-1.705406887010545158e-01
-1.894686909815059550e-01
-2.928932188134524273e-01
-3.535533905932738419e-01
-3.892695359907653030e-01
-4.082482904638630172e-01
-4.142135623730950900e-01
-4.082482904638630727e-01
-3.892695359907653030e-01
-3.535533905932738419e-01
-2.928932188134525938e-01
-1.894686909815061215e-01
-1.992665459333555489e-01
-3.169872981077805907e-01
-3.892695359907653030e-01
-4.330127018922192983e-01
-4.566258588140704733e-01
-4.641016151377545529e-01
-4.566258588140704733e-01
-4.330127018922193538e-01
-3.892695359907653030e-01
-3.169872981077808127e-01
-1.992665459333557709e-01
-2.041241452319314253e-01
-3.294593112989455119e-01
-4.082482904638630172e-01
-4.566258588140704733e-01
-4.829629131445341006e-01
-4.913338099395003211e-01
-4.829629131445341561e-01
-4.566258588140704733e-01
-4.082482904638630172e-01
-3.294593112989456785e-01
-2.041241452319316751e-01
-2.056046467595681604e-01
-3.333333333333332593e-01
-4.142135623730950900e-01
-4.641016151377545529e-01
-4.913338099395003211e-01
-5.000000000000000000e-01
-4.913338099395003766e-01
-4.641016151377545529e-01
-4.142135623730950900e-01
-3.333333333333334814e-01
-2.056046467595683824e-01
-2.041241452319314531e-01
-3.294593112989455119e-01
-4.082482904638630727e-01
-4.566258588140704733e-01
-4.829629131445341561e-01
-4.913338099395003766e-01
-4.829629131445342116e-01
-4.566258588140705288e-01
-4.082482904638630727e-01
-3.294593112989457340e-01
-2.041241452319316751e-01
-1.992665459333555766e-01
-3.169872981077805907e-01
-3.892695359907653030e-01
-4.330127018922193538e-01
-4.566258588140704733e-01
-4.641016151377545529e-01
-4.566258588140705288e-01
-4.330127018922193538e-01
-3.892695359907653030e-01
-3.169872981077808127e-01
-1.992665459333557432e-01
-1.894686909815059550e-01
-2.928932188134524273e-01
-3.535533905932738419e-01
-3.892695359907653030e-01
-4.082482904638630172e-01
-4.142135623730950900e-01
-4.082482904638630727e-01
-3.892695359907653030e-01
-3.535533905932738419e-01
-2.928932188134525938e-01
-1.894686909815061215e-01
-1.705406887010544603e-01
-2.500000000000000000e-01
-2.928932188134525938e-01
-3.169872981077808127e-01
-3.294593112989456785e-01
-3.333333333333334814e-01
-3.294593112989457340e-01
-3.169872981077808127e-01
-2.928932188134525938e-01
-2.500000000000001665e-01
-1.705406887010545713e-01
-1.294095225512604252e-01
-1.705406887010545158e-01
-1.894686909815061215e-01
-1.992665459333557709e-01
-2.041241452319316751e-01
-2.056046467595683824e-01
-2.041241452319316751e-01
-1.992665459333557432e-01
-1.894686909815061215e-01
-1.705406887010545713e-01
-1.294095225512605085e-01
