0.000000000000000000e+00
0.000000000000000000e+00
0.000000000000000000e+00
0.000000000000000000e+00
0.000000000000000000e+00
0.000000000000000000e+00
0.000000000000000000e+00
0.000000000000000000e+00
0.000000000000000000e+00
0.000000000000000000e+00
0.000000000000000000e+00
0.000000000000000000e+00
0.000000000000000000e+00
0.000000000000000000e+00
0.000000000000000000e+00
0.000000000000000000e+00
0.000000000000000000e+00
0.000000000000000000e+00
0.000000000000000000e+00
0.000000000000000000e+00
0.000000000000000000e+00
0.000000000000000000e+00
0.000000000000000000e+00
0.000000000000000000e+00
0.000000000000000000e+00
0.000000000000000000e+00
0.000000000000000000e+00
0.000000000000000000e+00
0.000000000000000000e+00
0.000000000000000000e+00
0.000000000000000000e+00
0.000000000000000000e+00
0.000000000000000000e+00
0.000000000000000000e+00
0.000000000000000000e+00
0.000000000000000000e+00
0.000000000000000000e+00
0.000000000000000000e+00
0.000000000000000000e+00
0.000000000000000000e+00
0.000000000000000000e+00
0.000000000000000000e+00
0.000000000000000000e+00
0.000000000000000000e+00
0.000000000000000000e+00
0.000000000000000000e+00
0.000000000000000000e+00
0.000000000000000000e+00
5.453844216185881055e-03
5.687770243671784118e-03
4.373668642553639463e-03
3.394270010892817477e-03
3.059614186369708725e-03
3.172498912165637452e-03
3.059614186369733445e-03
3.394270010892841763e-03
4.373668642553611707e-03
5.687770243671824016e-03
5.453844216185922689e-03
5.687770243671785853e-03
6.533926835816404599e-03
6.726438768328613788e-03
5.762579114028075489e-03
5.332033721278877682e-03
5.212439530236911804e-03
5.332033721278864671e-03
5.762579114028072019e-03
6.726438768328620726e-03
6.533926835816364700e-03
5.687770243671813608e-03
4.373668642553639463e-03
6.726438768328610318e-03
6.305258642498203295e-03
5.827266526608879116e-03
5.448710670192506364e-03
5.330988494740895867e-03
5.448710670192558406e-03
5.827266526608847023e-03
6.305258642498199825e-03
6.726438768328624196e-03
4.373668642553629055e-03
3.394270010892815742e-03
5.762579114028077223e-03
5.827266526608882585e-03
5.388047066391607465e-03
5.026882910040592241e-03
4.909003328229653851e-03
5.026882910040545403e-03
5.388047066391659506e-03
5.827266526608861769e-03
5.762579114028148347e-03
3.394270010892846967e-03
3.059614186369710026e-03
5.332033721278879417e-03
5.448710670192505497e-03
5.026882910040593108e-03
4.654718976289606847e-03
4.523370738597656641e-03
4.654718976289638072e-03
5.026882910040561883e-03
5.448710670192495956e-03
5.332033721278797017e-03
3.059614186369769874e-03
3.172498912165637452e-03
5.212439530236910937e-03
5.330988494740894132e-03
4.909003328229652116e-03
4.523370738597657509e-03
4.380533087389822632e-03
4.523370738597673121e-03
4.909003328229620024e-03
5.330988494740886326e-03
5.212439530236945631e-03
3.172498912165609263e-03
3.059614186369733445e-03
5.332033721278863804e-03
5.448710670192558406e-03
5.026882910040546271e-03
4.654718976289638072e-03
4.523370738597673121e-03
4.654718976289644143e-03
5.026882910040589639e-03
5.448710670192535854e-03
5.332033721278867273e-03
3.059614186369782884e-03
3.394270010892841763e-03
5.762579114028072019e-03
5.827266526608847891e-03
5.388047066391659506e-03
5.026882910040562751e-03
4.909003328229620891e-03
5.026882910040587904e-03
5.388047066391625679e-03
5.827266526608830544e-03
5.762579114028101510e-03
3.394270010892796660e-03
4.373668642553611707e-03
6.726438768328617257e-03
6.305258642498201560e-03
5.827266526608860901e-03
5.448710670192495956e-03
5.330988494740885458e-03
5.448710670192536722e-03
5.827266526608830544e-03
6.305258642498191152e-03
6.726438768328613788e-03
4.373668642553635993e-03
5.687770243671820547e-03
6.533926835816362966e-03
6.726438768328618992e-03
5.762579114028146612e-03
5.332033721278798752e-03
5.212439530236945631e-03
5.332033721278866406e-03
5.762579114028104979e-03
6.726438768328606849e-03
6.533926835816418477e-03
5.687770243671792791e-03
5.453844216185915750e-03
5.687770243671808404e-03
4.373668642553627320e-03
3.394270010892846967e-03
3.059614186369769874e-03
3.172498912165608830e-03
3.059614186369784185e-03
3.394270010892796660e-03
4.373668642553635993e-03
5.687770243671792791e-03
5.453844216185901872e-03
