0.000000000000000000e+00
0.000000000000000000e+00
0.000000000000000000e+00
0.000000000000000000e+00
0.000000000000000000e+00
4.755282581475768211e-01
7.925470969126280352e-01
7.925470969126280352e-01
5.547829678388396246e-01
9.510565162951536422e-01
5.944103226844710264e-01
3.962735484563139621e-01
5.547829678388395136e-01
5.151556129932082229e-01
3.170188387650512141e-01
2.377641290737884106e-01
1.585094193825256070e-01
3.170188387650512141e-01
1.585094193825255793e-01
3.170188387650512141e-01
1.981367742281570088e-01
