0.000000000000000000e+00
0.000000000000000000e+00
0.000000000000000000e+00
0.000000000000000000e+00
0.000000000000000000e+00
1.089813792008041515e+00
1.089813792008041737e+00
1.089813792008043514e+00
1.089813792008040405e+00
1.089813792008041515e+00
7.265425280053607882e-01
7.265425280053607882e-01
7.265425280053605661e-01
7.265425280053610102e-01
7.265425280053605661e-01
3.632712640026804496e-01
3.632712640026802831e-01
3.632712640026803941e-01
3.632712640026803941e-01
3.632712640026804496e-01
2.270445400016752602e-01
