1.000000000000000000e+00
9.999999999999998890e-01
1.000000000000000000e+00
9.999999999999998890e-01
1.000000000000000000e+00
5.625000000000000000e-01
5.624999999999998890e-01
5.624999999999998890e-01
5.625000000000000000e-01
5.625000000000000000e-01
2.500000000000000000e-01
2.499999999999999722e-01
2.500000000000000000e-01
2.499999999999999722e-01
2.500000000000000000e-01
6.250000000000000000e-02
6.249999999999999306e-02
6.250000000000000000e-02
6.249999999999999306e-02
6.250000000000000000e-02
0.000000000000000000e+00
