1.557407724654902292e+00
1.557407724654902292e+00
1.557407724654901848e+00
1.557407724654902292e+00
1.557407724654902292e+00
1.557407724654902292e+00
1.557407724654902292e+00
1.557407724654902070e+00
1.557407724654902070e+00
1.557407724654902070e+00
1.557407724654902514e+00
1.557407724654902514e+00
1.557407724654902070e+00
1.557407724654902070e+00
1.557407724654902292e+00
1.557407724654902292e+00
1.557407724654902292e+00
1.557407724654902292e+00
1.557407724654902070e+00
1.557407724654902070e+00
1.557407724654902292e+00
1.557407724654902292e+00
1.557407724654902292e+00
1.557407724654902292e+00
1.557407724654902292e+00
