0.000000000000000000e+00
0.000000000000000000e+00
0.000000000000000000e+00
0.000000000000000000e+00
0.000000000000000000e+00
0.000000000000000000e+00
5.312864353158012420e+00
6.834734976482669921e+00
9.425016253323441617e+00
7.190871860988043096e+00
4.956727468652640134e+00
9.425016253323448723e+00
2.139611543654476034e+00
2.577106584321881666e+00
1.554278431519171555e+00
2.287449615122372659e+00
2.577106584321881666e+00
1.702116502987069735e+00
8.892057604320805497e-01
1.190213743417578574e+00
8.892057604320802167e-01
5.881977774465817488e-01
1.190213743417578574e+00
5.881977774465819708e-01
8.666599406896070557e-01
