0.000000000000000000e+00
0.000000000000000000e+00
0.000000000000000000e+00
0.000000000000000000e+00
0.000000000000000000e+00
0.000000000000000000e+00
6.637926770698496348e+00
6.637926770698497236e+00
6.637926770698491019e+00
6.637926770698492795e+00
6.637926770698491019e+00
6.637926770698491907e+00
9.564638275494934394e-01
9.564638275494931063e-01
9.564638275494931063e-01
9.564638275494932174e-01
9.564638275494935504e-01
9.564638275494939945e-01
3.070591863733429516e-01
3.070591863733427851e-01
3.070591863733427296e-01
3.070591863733427296e-01
3.070591863733427296e-01
3.070591863733430071e-01
2.170714201492910944e-01
