1.557407724654902292e+00
1.557407724654902292e+00
1.557407724654901848e+00
1.557407724654902292e+00
1.557407724654902292e+00
1.557407724654902292e+00
6.304376738358847820e-01
6.304376738358848931e-01
6.304376738358845600e-01
6.304376738358847820e-01
6.304376738358848931e-01
6.304376738358847820e-01
2.553419212210362721e-01
2.553419212210362721e-01
2.553419212210362166e-01
2.553419212210362721e-01
2.553419212210362721e-01
2.553419212210362721e-01
6.258150756627502143e-02
6.258150756627502143e-02
6.258150756627500755e-02
6.258150756627502143e-02
6.258150756627502143e-02
6.258150756627502143e-02
0.000000000000000000e+00
