1
2
7
5
10
7
19
13
8
4
7
2
1
4
4
3
3
8
9
5
7
12
6
16
19
7
7
10
10
5
5
7
7
2
2
1
4
3
8
5
12
14
12
5
8
3
4
1
3
3
3
4
4
4
4
3
3
4
3
4
3
4
5
4
4
4
3
4
3
3
4
4
4
5
4
4
5
7
4
4
4
3
4
7
3
8
5
7
3
5
6
4
4
4
6
9
4
6
7
8
5
4
4
4
4
4
4
8
5
5
6
4
4
4
4
4
4
9
4
8
5
7
5
4
4
4
5
5
3
8
4
9
3
5
5
4
3
4
4
7
6
4
5
7
4
4
3
3
3
4
4
4
4
4
4
4
3
3
3
4
4
3
4
4
4
3
4
4
3
