0.000000000000000000e+00
0.000000000000000000e+00
0.000000000000000000e+00
0.000000000000000000e+00
0.000000000000000000e+00
0.000000000000000000e+00
0.000000000000000000e+00
0.000000000000000000e+00
0.000000000000000000e+00
0.000000000000000000e+00
0.000000000000000000e+00
0.000000000000000000e+00
0.000000000000000000e+00
0.000000000000000000e+00
0.000000000000000000e+00
0.000000000000000000e+00
0.000000000000000000e+00
0.000000000000000000e+00
0.000000000000000000e+00
0.000000000000000000e+00
0.000000000000000000e+00
0.000000000000000000e+00
0.000000000000000000e+00
0.000000000000000000e+00
0.000000000000000000e+00
0.000000000000000000e+00
0.000000000000000000e+00
0.000000000000000000e+00
0.000000000000000000e+00
0.000000000000000000e+00
0.000000000000000000e+00
0.000000000000000000e+00
0.000000000000000000e+00
0.000000000000000000e+00
0.000000000000000000e+00
0.000000000000000000e+00
0.000000000000000000e+00
0.000000000000000000e+00
0.000000000000000000e+00
0.000000000000000000e+00
0.000000000000000000e+00
0.000000000000000000e+00
0.000000000000000000e+00
0.000000000000000000e+00
0.000000000000000000e+00
0.000000000000000000e+00
0.000000000000000000e+00
0.000000000000000000e+00
1.462796673382491626e-03
2.660808635032400112e-03
1.107423621877647642e-03
1.904791955455375704e-03
1.243389626759005499e-03
2.263536518787557204e-03
1.888049523393540681e-03
1.904791955455374837e-03
1.107423621877646775e-03
2.660808635032399679e-03
1.462796673382494445e-03
2.660808635032400112e-03
2.582871089967936351e-03
2.940219346789949614e-03
2.719825241930993835e-03
5.982811691231095137e-03
5.500740269894235056e-03
4.114831399838515813e-03
2.106171975364823628e-03
4.127897305175088488e-03
2.008846398148966816e-03
2.660808635032406617e-03
1.107423621877647642e-03
2.940219346789949614e-03
5.139654419596881123e-03
3.611525743008222634e-03
7.296477763689523943e-03
7.008892826876700864e-03
7.645276050355214251e-03
5.842305042649131516e-03
2.595719269663178310e-03
4.127897305175091958e-03
1.107423621877651112e-03
1.904791955455375704e-03
2.719825241930993835e-03
4.486047851100569313e-03
6.363152775470751372e-03
8.450323454532889661e-03
1.355050175109281246e-02
7.072020566009786825e-03
4.746026742396008795e-03
5.842305042649134118e-03
2.106171975364826230e-03
1.904791955455381559e-03
1.243389626759005499e-03
5.982811691231095137e-03
6.421955655597177265e-03
9.324845562625236339e-03
1.205421791611946923e-02
2.572530680147544838e-02
1.430704291273491267e-02
1.105108707046638210e-02
4.695714147756035843e-03
5.982811691231099474e-03
1.243389626759008968e-03
2.263536518787557204e-03
5.500740269894235056e-03
7.008892826876700864e-03
1.355050175109281246e-02
2.572530680147544838e-02
1.798338822318458485e-02
2.797813179809086753e-02
7.845193738795077504e-03
1.168469623731703197e-02
3.632759978501662670e-03
2.908196415422102145e-03
1.888049523393540681e-03
4.114831399838515813e-03
7.645276050355214251e-03
7.072020566009786825e-03
1.430704291273491267e-02
2.797813179809086753e-02
1.096008470636539688e-02
1.214522028022043537e-02
4.695714147756032374e-03
5.982811691231096005e-03
1.243389626759007884e-03
1.904791955455374837e-03
2.106171975364823628e-03
5.842305042649131516e-03
4.746026742396008795e-03
1.105108707046638036e-02
9.571435246636223262e-03
1.041897877237929308e-02
3.651893532641947281e-03
5.842305042649133251e-03
2.106171975364825796e-03
1.904791955455380475e-03
1.107423621877646775e-03
4.127897305175088488e-03
2.595719269663178310e-03
5.842305042649134118e-03
4.695714147756036710e-03
8.735134334717845755e-03
7.645276050355216853e-03
5.842305042649132384e-03
2.595719269663177876e-03
4.127897305175088488e-03
1.107423621877649594e-03
2.660808635032399679e-03
2.008846398148966816e-03
4.127897305175091958e-03
2.106171975364826230e-03
5.982811691231100341e-03
4.856080373259702258e-03
4.759491296473057284e-03
2.106171975364825796e-03
4.127897305175088488e-03
2.008846398148966383e-03
2.660808635032405750e-03
1.462796673382494445e-03
2.660808635032406617e-03
1.107423621877651112e-03
1.904791955455381559e-03
1.243389626759008968e-03
2.908196415422102145e-03
1.243389626759007884e-03
1.904791955455380475e-03
1.107423621877649594e-03
2.660808635032405316e-03
1.462796673382496830e-03
