0.000000000000000000e+00
0.000000000000000000e+00
0.000000000000000000e+00
0.000000000000000000e+00
0.000000000000000000e+00
0.000000000000000000e+00
0.000000000000000000e+00
0.000000000000000000e+00
0.000000000000000000e+00
0.000000000000000000e+00
0.000000000000000000e+00
0.000000000000000000e+00
0.000000000000000000e+00
0.000000000000000000e+00
0.000000000000000000e+00
0.000000000000000000e+00
0.000000000000000000e+00
0.000000000000000000e+00
0.000000000000000000e+00
0.000000000000000000e+00
0.000000000000000000e+00
0.000000000000000000e+00
0.000000000000000000e+00
0.000000000000000000e+00
0.000000000000000000e+00
0.000000000000000000e+00
0.000000000000000000e+00
0.000000000000000000e+00
0.000000000000000000e+00
0.000000000000000000e+00
0.000000000000000000e+00
0.000000000000000000e+00
0.000000000000000000e+00
0.000000000000000000e+00
0.000000000000000000e+00
0.000000000000000000e+00
0.000000000000000000e+00
0.000000000000000000e+00
0.000000000000000000e+00
0.000000000000000000e+00
0.000000000000000000e+00
0.000000000000000000e+00
0.000000000000000000e+00
0.000000000000000000e+00
0.000000000000000000e+00
0.000000000000000000e+00
0.000000000000000000e+00
0.000000000000000000e+00
1.416579663048974508e-03
1.701445549974419519e-03
1.657823634460034098e-03
1.475112761637920045e-03
1.678275591814146640e-03
1.915948854807423196e-03
1.678275591814141002e-03
1.475112761637927851e-03
1.657823634460020221e-03
1.701445549974416049e-03
1.416579663049023080e-03
1.701445549974419519e-03
2.665380544737222523e-03
3.468191892457749004e-03
3.141477382474016158e-03
4.773903734201469067e-03
5.359782919701935704e-03
4.773903734201488148e-03
3.141477382474036975e-03
3.468191892457755943e-03
2.665380544737225993e-03
1.701445549974461152e-03
1.657823634460032364e-03
3.468191892457752473e-03
3.793962540992405069e-03
4.440003157745221057e-03
7.272042499225292445e-03
8.509154951250784416e-03
7.272042499225253413e-03
4.440003157745205445e-03
3.793962540992432825e-03
3.468191892457773290e-03
1.657823634460049711e-03
1.475112761637918310e-03
3.141477382474010954e-03
4.440003157745221057e-03
5.444995858004515743e-03
9.205266199467992613e-03
1.163295256634239681e-02
9.205266199468035981e-03
5.444995858004472375e-03
4.440003157745191567e-03
3.141477382474004015e-03
1.475112761637944331e-03
1.678275591814146640e-03
4.773903734201469067e-03
7.272042499225290710e-03
9.205266199467985674e-03
1.522871359162679059e-02
2.039947927533787911e-02
1.522871359162681140e-02
9.205266199467992613e-03
7.272042499225342752e-03
4.773903734201491618e-03
1.678275591814170492e-03
1.915948854807423413e-03
5.359782919701936571e-03
8.509154951250784416e-03
1.163295256634239681e-02
2.039947927533787564e-02
2.899447654376371281e-02
2.039947927533783748e-02
1.163295256634240549e-02
8.509154951250770538e-03
5.359782919701925295e-03
1.915948854807433604e-03
1.678275591814141002e-03
4.773903734201489016e-03
7.272042499225255148e-03
9.205266199468035981e-03
1.522871359162681140e-02
2.039947927533783748e-02
1.522871359162679579e-02
9.205266199467966592e-03
7.272042499225233464e-03
4.773903734201502894e-03
1.678275591814167023e-03
1.475112761637928718e-03
3.141477382474036975e-03
4.440003157745207180e-03
5.444995858004474110e-03
9.205266199467989144e-03
1.163295256634240722e-02
9.205266199467970062e-03
5.444995858004512274e-03
4.440003157745297385e-03
3.141477382474069935e-03
1.475112761637939127e-03
1.657823634460018486e-03
3.468191892457752473e-03
3.793962540992432825e-03
4.440003157745186363e-03
7.272042499225347088e-03
8.509154951250765334e-03
7.272042499225238668e-03
4.440003157745304324e-03
3.793962540992398130e-03
3.468191892457700432e-03
1.657823634460042772e-03
1.701445549974419519e-03
2.665380544737229462e-03
3.468191892457776759e-03
3.141477382473997076e-03
4.773903734201491618e-03
5.359782919701923561e-03
4.773903734201495955e-03
3.141477382474071670e-03
3.468191892457693493e-03
2.665380544737205176e-03
1.701445549974402172e-03
1.416579663049026550e-03
1.701445549974471561e-03
1.657823634460047976e-03
1.475112761637943463e-03
1.678275591814170058e-03
1.915948854807433387e-03
1.678275591814167023e-03
1.475112761637939994e-03
1.657823634460042772e-03
1.701445549974409110e-03
1.416579663049026550e-03
