0.000000000000000000e+00
0.000000000000000000e+00
0.000000000000000000e+00
0.000000000000000000e+00
0.000000000000000000e+00
0.000000000000000000e+00
0.000000000000000000e+00
0.000000000000000000e+00
0.000000000000000000e+00
0.000000000000000000e+00
0.000000000000000000e+00
0.000000000000000000e+00
0.000000000000000000e+00
0.000000000000000000e+00
0.000000000000000000e+00
0.000000000000000000e+00
0.000000000000000000e+00
0.000000000000000000e+00
0.000000000000000000e+00
0.000000000000000000e+00
0.000000000000000000e+00
0.000000000000000000e+00
0.000000000000000000e+00
0.000000000000000000e+00
0.000000000000000000e+00
0.000000000000000000e+00
0.000000000000000000e+00
0.000000000000000000e+00
0.000000000000000000e+00
0.000000000000000000e+00
0.000000000000000000e+00
0.000000000000000000e+00
0.000000000000000000e+00
0.000000000000000000e+00
0.000000000000000000e+00
0.000000000000000000e+00
0.000000000000000000e+00
0.000000000000000000e+00
0.000000000000000000e+00
0.000000000000000000e+00
0.000000000000000000e+00
0.000000000000000000e+00
0.000000000000000000e+00
0.000000000000000000e+00
0.000000000000000000e+00
0.000000000000000000e+00
0.000000000000000000e+00
0.000000000000000000e+00
-6.821757954249367539e-02
-9.218924064601255464e-02
-1.043660392911923834e-01
-1.117023424448354424e-01
-1.165853295623527630e-01
-1.200553837095638260e-01
-1.165853295623527630e-01
-1.117023424448354563e-01
-1.043660392911923834e-01
-9.218924064601259627e-02
-6.821757954249371703e-02
-9.218924064601255464e-02
-1.421357512423505054e-01
-1.733121566679630965e-01
-1.945283638059533970e-01
-2.098334982248273584e-01
-2.213484469091748230e-01
-2.098334982248273861e-01
-1.945283638059534526e-01
-1.733121566679631242e-01
-1.421357512423506442e-01
-9.218924064601262403e-02
-1.043660392911923834e-01
-1.733121566679630965e-01
-2.220079201631065813e-01
-2.580614110939551953e-01
-2.857068235465551331e-01
-3.074868210766351084e-01
-2.857068235465551331e-01
-2.580614110939552508e-01
-2.220079201631066368e-01
-1.733121566679632908e-01
-1.043660392911924667e-01
-1.117023424448354424e-01
-1.945283638059533970e-01
-2.580614110939551953e-01
-3.080952542397786820e-01
-3.483356586668520660e-01
-3.812610612713243641e-01
-3.483356586668521215e-01
-3.080952542397787375e-01
-2.580614110939552508e-01
-1.945283638059536191e-01
-1.117023424448355534e-01
-1.165853295623527630e-01
-2.098334982248273584e-01
-2.857068235465551331e-01
-3.483356586668520660e-01
-4.006668663747822157e-01
-4.448557855664007077e-01
-4.006668663747822712e-01
-3.483356586668521770e-01
-2.857068235465552442e-01
-2.098334982248276359e-01
-1.165853295623528879e-01
-1.200553837095638260e-01
-2.213484469091748230e-01
-3.074868210766351084e-01
-3.812610612713243641e-01
-4.448557855664007077e-01
-5.000000000000000000e-01
-4.448557855664007077e-01
-3.812610612713244751e-01
-3.074868210766351639e-01
-2.213484469091751006e-01
-1.200553837095639509e-01
-1.165853295623527630e-01
-2.098334982248273861e-01
-2.857068235465551331e-01
-3.483356586668521215e-01
-4.006668663747822712e-01
-4.448557855664007077e-01
-4.006668663747822712e-01
-3.483356586668521770e-01
-2.857068235465551886e-01
-2.098334982248276637e-01
-1.165853295623529018e-01
-1.117023424448354563e-01
-1.945283638059534526e-01
-2.580614110939552508e-01
-3.080952542397787375e-01
-3.483356586668521770e-01
-3.812610612713244751e-01
-3.483356586668521770e-01
-3.080952542397788485e-01
-2.580614110939553618e-01
-1.945283638059537024e-01
-1.117023424448355812e-01
-1.043660392911923834e-01
-1.733121566679631242e-01
-2.220079201631066368e-01
-2.580614110939552508e-01
-2.857068235465552442e-01
-3.074868210766351639e-01
-2.857068235465551886e-01
-2.580614110939553618e-01
-2.220079201631066645e-01
-1.733121566679632908e-01
-1.043660392911924945e-01
-9.218924064601259627e-02
-1.421357512423506442e-01
-1.733121566679632908e-01
-1.945283638059536191e-01
-2.098334982248276359e-01
-2.213484469091751006e-01
-2.098334982248276637e-01
-1.945283638059537024e-01
-1.733121566679632908e-01
-1.421357512423507552e-01
-9.218924064601266566e-02
-6.821757954249371703e-02
-9.218924064601262403e-02
-1.043660392911924667e-01
-1.117023424448355534e-01
-1.165853295623528879e-01
-1.200553837095639509e-01
-1.165853295623529018e-01
-1.117023424448355812e-01
-1.043660392911924945e-01
-9.218924064601266566e-02
-6.821757954249375866e-02
